Starting reachability analysis
Finished reachability analysis; # states: 227
Passes: 110
Num generated: 3616; num unique: 227
Episode, Steps, Reward, Time (in milliseconds)
1, 441, -48.50000000000035, 226
2, 441, -44.900000000000354, 141
3, 441, -44.000000000000355, 232
4, 441, -44.000000000000355, 216
5, 441, -47.60000000000035, 230
6, 441, -44.900000000000354, 262
7, 441, -44.000000000000355, 310
8, 441, -44.000000000000355, 295
9, 441, -44.000000000000355, 280
10, 441, -44.000000000000355, 297
11, 441, -44.000000000000355, 262
12, 441, -44.000000000000355, 228
13, 441, -44.000000000000355, 243
14, 441, -44.000000000000355, 274
15, 441, -44.000000000000355, 254
16, 441, -44.000000000000355, 280
17, 441, -44.000000000000355, 273
18, 441, -44.000000000000355, 292
19, 441, -44.000000000000355, 277
20, 441, -44.000000000000355, 289
21, 441, -44.000000000000355, 299
22, 441, -44.000000000000355, 329
23, 441, -44.000000000000355, 324
24, 441, -44.000000000000355, 333
25, 441, -44.000000000000355, 349
26, 441, -44.000000000000355, 359
27, 441, -44.000000000000355, 382
28, 441, -44.000000000000355, 406
29, 441, -44.000000000000355, 405
30, 441, -44.000000000000355, 465
31, 441, -44.000000000000355, 462
32, 441, -44.000000000000355, 495
33, 441, -44.000000000000355, 475
34, 441, -44.000000000000355, 490
35, 441, -44.000000000000355, 469
36, 441, -44.000000000000355, 486
37, 441, -44.000000000000355, 528
38, 441, -44.000000000000355, 564
39, 441, -44.000000000000355, 539
40, 441, -44.000000000000355, 697
41, 441, -44.000000000000355, 607
42, 441, -44.000000000000355, 601
43, 441, -44.000000000000355, 592
44, 441, -44.000000000000355, 599
45, 441, -44.000000000000355, 642
46, 441, -44.000000000000355, 718
47, 441, -44.000000000000355, 699
48, 441, -44.000000000000355, 733
49, 441, -44.000000000000355, 851
50, 441, -44.000000000000355, 682
51, 441, -44.000000000000355, 678
52, 441, -44.000000000000355, 700
53, 441, -44.000000000000355, 730
54, 441, -44.000000000000355, 722
55, 441, -44.000000000000355, 749
56, 441, -44.000000000000355, 777
57, 441, -44.000000000000355, 784
58, 441, -44.000000000000355, 783
59, 441, -44.000000000000355, 806
60, 441, -44.000000000000355, 833
61, 441, -44.000000000000355, 810
62, 441, -44.000000000000355, 859
63, 441, -44.000000000000355, 955
64, 441, -44.000000000000355, 883
65, 441, -44.000000000000355, 907
66, 441, -44.000000000000355, 925
67, 441, -44.000000000000355, 935
68, 441, -44.000000000000355, 946
69, 441, -44.000000000000355, 941
70, 441, -44.000000000000355, 965
71, 441, -44.000000000000355, 1071
72, 441, -44.000000000000355, 980
73, 441, -44.000000000000355, 1056
74, 441, -44.000000000000355, 1087
75, 441, -44.000000000000355, 1033
76, 441, -44.000000000000355, 1005
77, 441, -44.000000000000355, 1009
78, 441, -44.000000000000355, 1042
79, 441, -44.000000000000355, 1068
80, 441, -44.000000000000355, 1139
81, 441, -44.000000000000355, 1089
82, 441, -44.000000000000355, 1121
83, 441, -44.000000000000355, 1238
84, 441, -44.000000000000355, 1139
85, 441, -44.000000000000355, 1134
86, 441, -44.000000000000355, 1170
87, 441, -44.000000000000355, 1218
88, 441, -44.000000000000355, 1180
89, 441, -44.000000000000355, 1192
90, 441, -44.000000000000355, 1233
91, 441, -44.000000000000355, 1177
92, 441, -44.000000000000355, 1281
93, 441, -44.000000000000355, 1263
94, 441, -44.000000000000355, 1253
95, 441, -44.000000000000355, 1243
96, 441, -44.000000000000355, 1242
97, 441, -44.000000000000355, 1251
98, 441, -44.000000000000355, 1276
99, 441, -44.000000000000355, 1286
100, 224, -22.300000000000047, 1375
101, 441, -44.000000000000355, 1312
102, 238, -23.700000000000067, 1308
103, 128, -12.69999999999997, 1331
104, 96, -9.499999999999982, 1341
105, 128, -13.599999999999971, 1359
106, 104, -11.19999999999998, 1533
107, 96, -10.399999999999983, 1629
108, 92, -9.099999999999984, 1808
109, 101, -9.99999999999998, 1488
110, 107, -10.599999999999978, 1443
111, 101, -9.99999999999998, 1434
112, 94, -9.299999999999983, 1470
113, 78, -9.599999999999989, 1447
114, 103, -11.09999999999998, 1537
115, 95, -9.399999999999983, 1464
116, 90, -10.799999999999985, 1492
117, 90, -8.899999999999984, 1392
118, 108, -10.699999999999978, 1388
119, 105, -11.29999999999998, 1389
120, 107, -11.499999999999975, 1395

Average Reward: -38.71333333333367
Average Number of Steps: 386
Minimum Number of Steps: 78
Average Time (in milliseconds): 843