Episode, Steps, Reward, Time (in milliseconds)
1, 441, -44.000000000000355, 2825
2, 441, -44.000000000000355, 3215
3, 441, -44.000000000000355, 4747
4, 441, -44.000000000000355, 6335
5, 441, -44.000000000000355, 6951
6, 441, -44.000000000000355, 8367
7, 441, -44.000000000000355, 9068
8, 441, -44.000000000000355, 10385
9, 441, -44.000000000000355, 11052
10, 314, -34.20000000000017, 12212
11, 89, -11.699999999999973, 13409
12, 121, -15.599999999999971, 13862
13, 102, -10.09999999999998, 13903
14, 111, -10.999999999999977, 14130
15, 114, -11.299999999999976, 14239
16, 95, -12.099999999999971, 14355
17, 109, -13.499999999999972, 14472
18, 100, -9.89999999999998, 14443
19, 97, -10.499999999999979, 14414
20, 115, -12.299999999999976, 14436

Average Reward: -27.41000000000015
Average Number of Steps: 266
Minimum Number of Steps: 89
Average Time (in milliseconds): 10841