Num generated: 736; num unique: 47
Episode, Steps, Reward, Time (in milliseconds)
1, 64, -22.600000000000044, 85
2, 64, -6.299999999999994, 62
3, 64, -6.299999999999994, 40
4, 64, -6.299999999999994, 57
5, 64, -6.299999999999994, 41
6, 64, -7.1999999999999895, 40
7, 64, -13.699999999999992, 47
8, 64, -6.299999999999994, 77
9, 64, -6.299999999999994, 74
10, 64, -21.90000000000002, 73
11, 64, -6.299999999999994, 33
12, 64, -7.199999999999994, 44
13, 64, -6.299999999999994, 65
14, 64, -6.299999999999994, 42
15, 64, -6.299999999999994, 54
16, 64, -6.299999999999994, 64
17, 64, -17.399999999999995, 63
18, 64, -6.299999999999994, 51
19, 64, -9.199999999999989, 63
20, 64, -6.299999999999994, 58
21, 64, -9.199999999999994, 42
22, 64, -6.299999999999994, 55
23, 64, -6.299999999999994, 56
24, 64, -6.299999999999994, 48
25, 64, -6.299999999999994, 58
26, 64, -6.299999999999994, 47
27, 64, -6.299999999999994, 56
28, 64, -10.099999999999993, 54
29, 64, -7.199999999999994, 49
30, 64, -6.299999999999994, 67
31, 64, -6.299999999999994, 59
32, 64, -8.999999999999995, 68
33, 64, -6.299999999999994, 64
34, 64, -7.199999999999994, 70
35, 64, -6.299999999999994, 60
36, 64, -6.299999999999994, 64
37, 64, -6.299999999999994, 56
38, 64, -6.299999999999994, 65
39, 64, -7.199999999999994, 61
40, 64, -6.299999999999994, 62
41, 64, -6.299999999999994, 75
42, 64, -6.299999999999994, 58
43, 64, -6.299999999999994, 68
44, 64, -8.99999999999999, 65
45, 64, -20.400000000000038, 67
46, 64, -6.299999999999994, 66
47, 64, -6.299999999999994, 66
48, 64, -6.299999999999994, 70
49, 64, -6.299999999999994, 70
50, 64, -6.299999999999994, 64
51, 64, -18.1, 79
52, 64, -7.199999999999994, 76
53, 64, -7.199999999999994, 69
54, 64, -6.299999999999994, 79
55, 64, -6.299999999999994, 72
56, 64, -15.699999999999989, 78
57, 64, -6.299999999999994, 79
58, 64, -6.299999999999994, 72
59, 64, -6.299999999999994, 72
60, 64, -7.199999999999994, 89
61, 64, -6.299999999999994, 84
62, 64, -7.1999999999999895, 82
63, 64, -6.299999999999994, 89
64, 64, -6.299999999999994, 87
65, 64, -7.199999999999994, 86
66, 64, -6.299999999999994, 94
67, 64, -6.299999999999994, 82
68, 64, -13.899999999999988, 81
69, 64, -6.299999999999994, 88
70, 64, -6.299999999999994, 80
71, 64, -6.299999999999994, 88
72, 64, -8.099999999999993, 88
73, 64, -8.199999999999994, 83
74, 64, -6.299999999999994, 89
75, 64, -6.299999999999994, 95
76, 64, -6.299999999999994, 86
77, 64, -7.1999999999999895, 95
78, 64, -6.299999999999994, 87
79, 64, -7.1999999999999895, 91
80, 64, -6.299999999999994, 114
81, 64, -8.199999999999989, 97
82, 64, -6.299999999999994, 97
83, 64, -6.299999999999994, 98
84, 64, -11.999999999999993, 93
85, 64, -6.299999999999994, 100
86, 64, -8.199999999999985, 99
87, 64, -6.299999999999994, 95
88, 64, -6.299999999999994, 94
89, 64, -18.2, 95
90, 64, -6.299999999999994, 102
91, 64, -6.299999999999994, 101
92, 64, -8.199999999999994, 91
93, 64, -11.899999999999991, 109
94, 64, -7.19999999999999, 106
95, 64, -8.199999999999994, 97
96, 64, -6.299999999999994, 103
97, 64, -6.299999999999994, 111
98, 64, -10.099999999999994, 106
99, 64, -6.299999999999994, 105
100, 64, -13.499999999999995, 114
101, 50, -9.499999999999991, 106
102, 64, -6.299999999999994, 111
103, 64, -6.299999999999994, 116
104, 64, -8.999999999999993, 107
105, 64, -6.299999999999994, 107
106, 64, -6.299999999999994, 118
107, 64, -6.299999999999994, 107
108, 64, -6.299999999999994, 116
109, 64, -6.299999999999994, 103
110, 64, -8.99999999999999, 112
111, 64, -6.299999999999994, 112
112, 64, -18.000000000000018, 117
113, 64, -6.299999999999994, 115
114, 64, -6.299999999999994, 107
115, 64, -6.299999999999994, 106
116, 64, -9.999999999999986, 116
117, 64, -6.299999999999994, 117
118, 64, -6.299999999999994, 116
119, 31, -4.8, 113
120, 49, -6.599999999999995, 120
121, 35, -5.199999999999999, 118
122, 64, -10.099999999999989, 111
123, 64, -6.299999999999994, 117
124, 64, -6.299999999999994, 117
125, 64, -6.299999999999994, 112
126, 64, -6.299999999999994, 119
127, 64, -8.099999999999994, 121
128, 64, -8.099999999999994, 121
129, 64, -6.299999999999994, 113
130, 64, -6.299999999999994, 120
131, 64, -6.299999999999994, 117
132, 64, -6.299999999999994, 120
133, 64, -6.299999999999994, 117
134, 64, -6.299999999999994, 118
135, 64, -6.299999999999994, 121
136, 64, -6.299999999999994, 114
137, 64, -6.299999999999994, 113
138, 64, -8.199999999999994, 117
139, 64, -9.199999999999994, 115
140, 64, -6.299999999999994, 124
141, 64, -6.299999999999994, 130
142, 64, -6.299999999999994, 118
143, 64, -8.999999999999995, 119
144, 64, -8.199999999999987, 118
145, 64, -6.299999999999994, 121
146, 43, -5.999999999999998, 118
147, 64, -6.299999999999994, 124
148, 64, -15.299999999999992, 125
149, 64, -6.299999999999994, 127
150, 64, -6.299999999999994, 128
151, 64, -6.299999999999994, 121
152, 64, -12.799999999999986, 134
153, 64, -6.299999999999994, 125
154, 64, -6.299999999999994, 125
155, 37, -6.299999999999996, 128
156, 64, -6.299999999999994, 130
157, 64, -12.899999999999991, 139
158, 64, -6.299999999999994, 136
159, 64, -7.199999999999994, 127
160, 64, -13.89999999999999, 131
161, 64, -6.299999999999994, 134
162, 64, -6.299999999999994, 128
163, 64, -44.300000000000004, 139
164, 64, -6.299999999999994, 127
165, 64, -6.299999999999994, 132
166, 64, -6.299999999999994, 130
167, 64, -6.299999999999994, 128
168, 64, -14.799999999999995, 127
169, 64, -6.299999999999994, 121
170, 64, -6.299999999999994, 130
171, 26, -4.3, 129
172, 64, -6.299999999999994, 128
173, 64, -6.299999999999994, 134
174, 64, -6.299999999999994, 141
175, 64, -6.299999999999994, 130
176, 44, -7.999999999999998, 130
177, 64, -6.299999999999994, 138
178, 64, -7.199999999999994, 131
179, 64, -6.299999999999994, 137
180, 64, -48.10000000000005, 128
181, 64, -8.199999999999994, 130
182, 64, -12.899999999999991, 129
183, 64, -6.299999999999994, 141
184, 64, -8.199999999999994, 134
185, 64, -6.299999999999994, 128
186, 64, -8.199999999999994, 132
187, 50, -12.199999999999996, 137
188, 35, -6.1, 149
189, 64, -6.299999999999994, 130
190, 64, -6.299999999999994, 128
191, 33, -5.899999999999997, 141
192, 64, -6.299999999999994, 125
193, 64, -6.299999999999994, 138
194, 64, -6.299999999999994, 138
195, 64, -6.299999999999994, 134
196, 64, -7.199999999999994, 138
197, 49, -7.499999999999996, 146
198, 64, -6.299999999999994, 142
199, 64, -6.299999999999994, 137
200, 53, -8.799999999999994, 140
201, 64, -10.099999999999993, 139
202, 64, -6.299999999999994, 155
203, 36, -8.1, 141
204, 64, -6.299999999999994, 142
205, 64, -7.1999999999999895, 134
206, 40, -5.699999999999998, 144
207, 64, -6.299999999999994, 139
208, 64, -6.299999999999994, 136
209, 64, -6.299999999999994, 138
210, 64, -20.800000000000036, 152
211, 28, -6.299999999999998, 145
212, 64, -9.899999999999995, 140
213, 64, -7.199999999999994, 142
214, 64, -6.299999999999994, 137
215, 31, -4.799999999999999, 136
216, 64, -6.299999999999994, 138
217, 64, -6.299999999999994, 137
218, 54, -11.89999999999999, 139
219, 36, -10.199999999999992, 150
220, 64, -6.299999999999994, 150
221, 64, -18.000000000000007, 145
222, 64, -6.299999999999994, 147
223, 64, -7.199999999999994, 141
224, 64, -27.200000000000056, 144
225, 64, -6.299999999999994, 140
226, 53, -6.9999999999999964, 146
227, 64, -6.299999999999994, 141
228, 64, -6.299999999999994, 149
229, 64, -8.099999999999994, 151
230, 64, -7.1999999999999895, 146
231, 27, -4.4, 148
232, 64, -6.299999999999994, 139
233, 40, -6.599999999999998, 137
234, 62, -8.799999999999995, 151
235, 46, -7.199999999999997, 149
236, 64, -7.19999999999999, 146
237, 64, -8.099999999999994, 145
238, 64, -6.299999999999994, 145
239, 55, -7.1999999999999975, 147
240, 64, -7.199999999999994, 148
241, 64, -8.09999999999999, 142
242, 26, -6.299999999999997, 146
243, 64, -6.299999999999994, 140
244, 59, -7.599999999999996, 148
245, 27, -7.199999999999999, 143
246, 64, -6.299999999999994, 148
247, 64, -6.299999999999994, 154
248, 64, -6.299999999999994, 151
249, 64, -6.299999999999994, 156
250, 40, -6.599999999999999, 154
251, 49, -10.399999999999999, 160
252, 64, -6.299999999999994, 154
253, 64, -6.299999999999994, 158
254, 64, -10.999999999999995, 150
255, 43, -8.899999999999999, 149
256, 27, -4.4, 148
257, 64, -6.299999999999994, 147
258, 28, -5.399999999999999, 154
259, 41, -5.799999999999999, 157
260, 64, -6.299999999999994, 159
261, 64, -6.299999999999994, 162
262, 23, -4.000000000000001, 148
263, 64, -6.299999999999994, 149
264, 64, -6.299999999999994, 155
265, 64, -7.199999999999994, 157
266, 64, -6.299999999999994, 149
267, 64, -6.299999999999994, 148
268, 36, -8.999999999999998, 159
269, 62, -8.799999999999992, 159
270, 44, -7.099999999999998, 168
271, 56, -7.299999999999997, 169
272, 50, -6.6999999999999975, 155
273, 64, -6.299999999999994, 155
274, 64, -8.099999999999994, 146
275, 44, -7.899999999999998, 152
276, 20, -3.7000000000000006, 153
277, 64, -6.299999999999994, 149
278, 64, -6.299999999999994, 157
279, 24, -4.999999999999999, 156
280, 64, -9.199999999999994, 156
281, 64, -8.099999999999994, 149
282, 26, -5.199999999999999, 163
283, 64, -10.999999999999986, 161
284, 53, -7.899999999999999, 156
285, 35, -6.1, 155
286, 64, -6.299999999999994, 156
287, 64, -6.299999999999994, 159
288, 21, -4.699999999999999, 150
289, 64, -6.299999999999994, 153
290, 64, -9.999999999999991, 149
291, 21, -3.8000000000000007, 150
292, 24, -5.0, 155
293, 36, -5.299999999999999, 160
294, 18, -3.5000000000000004, 155
295, 34, -7.0, 161
296, 64, -6.299999999999994, 151
297, 64, -6.299999999999994, 155
298, 64, -6.299999999999994, 161
299, 32, -6.699999999999994, 163
300, 20, -5.6, 159
301, 31, -6.699999999999995, 149
302, 64, -6.299999999999994, 169
303, 31, -4.8, 158
304, 64, -6.299999999999994, 163
305, 64, -6.299999999999994, 170
306, 64, -7.199999999999994, 165
307, 24, -7.9, 163
308, 64, -6.299999999999994, 159
309, 64, -6.299999999999994, 166
310, 30, -4.7, 159
311, 64, -8.999999999999993, 153
312, 64, -6.299999999999994, 154
313, 22, -3.900000000000001, 171
314, 24, -4.999999999999999, 159
315, 39, -6.499999999999998, 166
316, 32, -4.9, 159
317, 64, -7.199999999999994, 161
318, 25, -5.999999999999999, 175
319, 64, -6.299999999999994, 175
320, 24, -4.999999999999998, 173
321, 64, -6.299999999999994, 175
322, 24, -4.1000000000000005, 168
323, 28, -7.299999999999999, 161
324, 28, -4.5, 160
325, 51, -60.00000000000002, 166
326, 49, -7.499999999999997, 184
327, 24, -8.8, 209
328, 64, -21.500000000000014, 209
329, 42, -6.799999999999999, 171
330, 21, -4.699999999999999, 159
331, 64, -6.299999999999994, 157
332, 27, -6.299999999999999, 168
333, 25, -4.2, 160
334, 64, -6.299999999999994, 162
335, 32, -5.8, 159
336, 64, -6.299999999999994, 161
337, 64, -6.299999999999994, 183
338, 29, -5.5, 167
339, 21, -4.699999999999999, 177
340, 33, -11.599999999999994, 180
341, 29, -6.499999999999998, 162
342, 32, -9.499999999999998, 172
343, 28, -12.199999999999996, 172
344, 26, -6.9999999999999964, 170
345, 64, -6.299999999999994, 166
346, 27, -4.4, 165
347, 40, -7.599999999999999, 163
348, 24, -6.899999999999999, 167
349, 21, -4.699999999999999, 176
350, 31, -8.499999999999995, 185
351, 25, -5.1, 170
352, 20, -3.7000000000000006, 174
353, 21, -4.699999999999999, 174
354, 64, -6.299999999999994, 159
355, 29, -4.6, 172
356, 25, -4.2, 168
357, 28, -4.5, 177
358, 29, -5.499999999999999, 168
359, 20, -3.7000000000000006, 168
360, 40, -5.699999999999998, 163
361, 32, -5.799999999999997, 173
362, 27, -4.3999999999999995, 182
363, 42, -9.599999999999998, 167
364, 21, -3.8000000000000007, 163
365, 26, -4.299999999999999, 164
366, 64, -6.299999999999994, 170
367, 31, -7.699999999999994, 172
368, 21, -3.8000000000000007, 182
369, 23, -4.000000000000001, 174
370, 28, -7.199999999999998, 180
371, 28, -4.5, 170
372, 22, -3.900000000000001, 179
373, 31, -7.599999999999999, 167
374, 64, -24.30000000000002, 174
375, 59, -8.499999999999996, 165
376, 64, -9.899999999999993, 177
377, 64, -6.299999999999994, 166
378, 30, -5.599999999999999, 174
379, 64, -6.299999999999994, 171
380, 19, -3.6000000000000005, 171
381, 64, -6.299999999999994, 162
382, 64, -6.299999999999994, 172
383, 22, -3.900000000000001, 173
384, 28, -7.199999999999999, 171
385, 43, -5.999999999999997, 168
386, 24, -7.8999999999999995, 164
387, 64, -13.599999999999985, 168
388, 64, -7.199999999999994, 174
389, 23, -4.000000000000001, 171
390, 64, -6.299999999999994, 177
391, 30, -6.499999999999998, 172
392, 23, -4.8999999999999995, 172
393, 64, -6.299999999999994, 165
394, 20, -3.7000000000000006, 170
395, 64, -7.199999999999994, 175
396, 64, -6.299999999999994, 171
397, 22, -3.900000000000001, 177
398, 26, -6.299999999999996, 170
399, 25, -4.2, 169
400, 28, -8.199999999999998, 177
401, 21, -4.699999999999999, 176
402, 64, -6.299999999999994, 172
403, 42, -7.699999999999996, 173
404, 54, -10.89999999999999, 179
405, 24, -4.999999999999999, 171
406, 64, -6.299999999999994, 171
407, 64, -6.299999999999994, 178
408, 31, -6.6999999999999975, 181
409, 64, -6.299999999999994, 170
410, 40, -5.699999999999998, 168
411, 28, -12.099999999999996, 180
412, 24, -4.1, 181
413, 21, -3.8000000000000007, 173
414, 35, -6.999999999999999, 168
415, 20, -3.7000000000000006, 177
416, 19, -4.499999999999999, 174
417, 24, -4.1, 174
418, 23, -4.899999999999999, 171
419, 27, -4.4, 168
420, 42, -7.6999999999999975, 180
421, 24, -4.999999999999999, 170
422, 64, -9.099999999999994, 175
423, 24, -4.1000000000000005, 184
424, 29, -8.299999999999997, 169
425, 26, -8.1, 173
426, 23, -4.000000000000001, 180
427, 25, -8.0, 177
428, 29, -5.499999999999998, 184
429, 21, -4.699999999999999, 178
430, 64, -6.299999999999994, 167
431, 26, -6.2, 171
432, 25, -4.2, 169
433, 22, -3.900000000000001, 167
434, 64, -6.299999999999994, 176
435, 40, -5.699999999999998, 176
436, 23, -4.8999999999999995, 171
437, 24, -6.999999999999997, 176
438, 27, -7.099999999999997, 176
439, 50, -6.699999999999999, 173
440, 24, -4.1000000000000005, 173
441, 38, -6.399999999999995, 175
442, 21, -3.8000000000000007, 174
443, 64, -12.999999999999991, 177
444, 21, -4.699999999999999, 176
445, 23, -4.899999999999999, 184
446, 37, -5.4, 179
447, 47, -6.399999999999997, 177
448, 24, -5.9999999999999964, 183
449, 31, -4.8, 180
450, 23, -4.000000000000001, 185
451, 38, -5.499999999999996, 179
452, 30, -5.6, 170
453, 35, -6.1000000000000005, 179
454, 64, -11.699999999999987, 176
455, 47, -23.400000000000013, 172
456, 50, -6.699999999999996, 175
457, 30, -5.6, 174
458, 21, -3.8000000000000007, 182
459, 22, -3.900000000000001, 179
460, 21, -4.699999999999999, 194
461, 64, -7.19999999999999, 185
462, 25, -5.9999999999999964, 179
463, 28, -4.5, 180
464, 64, -6.299999999999994, 175
465, 21, -3.8000000000000007, 177
466, 19, -3.6000000000000005, 180
467, 22, -3.900000000000001, 181
468, 28, -7.299999999999999, 181
469, 26, -7.9999999999999964, 176
470, 64, -9.099999999999994, 175
471, 30, -8.399999999999999, 182
472, 20, -3.7000000000000006, 183
473, 38, -7.299999999999996, 181
474, 22, -3.900000000000001, 183
475, 20, -5.599999999999998, 180
476, 21, -3.8000000000000007, 179
477, 20, -4.6, 182
478, 24, -6.899999999999998, 172
479, 22, -3.900000000000001, 180
480, 28, -5.399999999999999, 173
481, 25, -7.099999999999998, 196
482, 19, -3.6000000000000005, 182
483, 28, -7.3, 179
484, 54, -12.69999999999999, 182
485, 21, -3.8000000000000007, 184
486, 31, -8.6, 175
487, 21, -3.8000000000000007, 181
488, 26, -8.099999999999994, 184
489, 25, -6.099999999999997, 181
490, 64, -6.299999999999994, 175
491, 20, -3.7000000000000006, 185
492, 26, -8.0, 181
493, 64, -6.299999999999994, 193
494, 21, -3.8000000000000007, 178
495, 24, -5.0, 183
496, 21, -5.699999999999999, 182
497, 19, -3.6000000000000005, 177
498, 22, -3.900000000000001, 182
499, 31, -10.399999999999995, 190
500, 22, -4.799999999999999, 182

Average Reward: -7.301000000000003
Average Number of Steps: 50
Minimum Number of Steps: 18
Average Time (in milliseconds): 139
